<?xml version="1.0" encoding="UTF-8"?>
<map version="2017.05.16" orientation="orthogonal" renderorder="right-down" width="40" height="40" tilewidth="256" tileheight="256" nextobjectid="73">
 <tileset firstgid="1" source="5.tsx"/>
 <tileset firstgid="17" source="aaaaaaa.tsx"/>
 <layer name="שכבת משבצות 1" width="40" height="40">
  <data encoding="csv">
12,11,11,11,11,11,11,11,11,11,11,11,11,11,11,11,11,11,11,11,11,11,11,11,11,11,11,11,11,11,11,11,11,11,11,11,11,11,11,14,
12,11,11,11,11,11,11,11,11,11,11,11,11,11,11,11,11,11,11,11,11,11,11,11,11,11,11,11,11,11,11,11,11,11,11,11,11,11,11,14,
12,11,11,11,11,11,11,11,11,11,11,11,11,11,11,11,11,11,11,11,11,11,11,11,11,11,11,11,11,11,11,11,11,11,11,11,11,11,11,14,
12,11,11,11,11,11,11,11,11,11,11,11,11,11,11,11,11,11,11,11,11,11,11,11,11,11,11,11,11,11,11,11,11,11,11,11,11,11,11,14,
12,11,11,11,11,11,11,11,11,11,11,11,11,11,11,11,11,11,11,11,11,11,11,11,11,11,11,11,11,11,11,11,11,11,11,11,11,11,11,14,
12,11,11,11,11,11,11,11,11,11,11,11,11,11,0,0,0,0,0,0,0,0,0,0,0,0,0,0,0,0,0,0,11,11,11,11,11,11,11,14,
12,11,11,11,11,11,11,11,11,11,11,11,11,11,0,0,0,0,0,0,0,0,0,0,0,0,0,0,0,0,0,0,11,11,11,11,11,11,11,14,
12,11,11,11,11,11,11,11,11,11,11,11,11,11,0,0,0,0,0,0,0,0,0,0,0,0,0,0,0,0,0,0,11,11,11,11,11,11,11,14,
12,11,11,11,11,11,11,11,11,11,11,11,11,11,0,0,0,0,0,0,0,0,0,0,0,0,0,0,0,0,0,0,11,11,11,11,11,11,11,14,
12,11,11,11,11,11,11,11,11,11,11,11,11,11,0,0,0,0,0,0,0,0,0,0,0,0,0,0,0,0,0,0,11,11,11,11,11,11,11,14,
12,11,11,11,11,11,11,11,11,11,11,11,11,11,0,0,0,0,0,0,0,0,0,0,0,0,0,0,0,0,0,0,11,11,11,11,11,11,11,14,
12,11,11,11,11,11,11,11,11,11,11,11,11,11,0,0,0,0,0,0,0,0,0,0,0,0,0,0,0,0,0,0,11,11,11,11,11,11,11,14,
12,11,11,11,11,11,11,11,11,11,11,11,11,11,0,0,0,0,0,0,0,0,0,0,0,0,0,0,0,0,0,0,11,11,11,11,11,11,11,14,
12,11,11,11,11,11,11,11,11,11,11,11,11,11,0,0,0,0,0,0,0,0,0,0,0,0,0,0,0,0,0,0,11,11,11,11,11,11,11,14,
12,11,11,11,11,11,11,11,11,11,11,11,11,11,0,0,0,0,0,0,0,0,0,0,0,0,0,0,0,0,0,0,11,11,11,11,11,11,11,14,
12,11,11,11,11,11,11,11,11,11,11,11,11,11,0,0,0,0,0,0,0,0,0,0,0,0,0,0,0,0,0,0,11,11,11,11,11,11,11,14,
12,11,11,11,11,11,11,11,11,11,11,11,11,11,0,0,0,0,0,0,0,0,0,0,0,0,0,0,0,0,0,0,11,11,11,11,11,11,11,14,
12,11,11,11,11,11,11,11,11,11,11,11,11,11,6,6,6,6,0,0,11,0,0,0,0,0,11,0,0,0,0,0,11,11,11,11,11,11,11,14,
12,11,11,11,11,11,11,11,11,11,11,11,11,11,11,11,11,11,0,0,11,11,11,11,11,11,11,6,6,0,0,0,11,11,11,11,11,11,11,14,
12,11,11,11,11,11,11,11,11,11,11,11,11,11,11,11,11,11,0,0,11,11,11,11,11,11,11,0,0,0,0,0,11,11,11,11,11,11,11,14,
12,11,11,11,11,11,11,11,11,11,11,11,11,11,11,11,11,11,0,0,11,11,11,11,11,11,11,0,0,0,6,6,11,11,11,11,11,11,11,14,
12,11,11,11,11,11,11,11,11,11,11,11,11,11,11,11,11,11,0,0,11,11,11,11,11,11,11,0,0,0,0,0,11,11,11,11,11,11,11,14,
12,11,11,11,11,11,11,11,11,11,11,11,11,11,11,11,11,11,0,0,11,11,11,11,11,11,11,6,6,0,0,0,11,11,11,11,11,11,11,14,
12,11,11,11,11,11,11,11,11,11,11,11,11,11,11,11,11,11,0,0,11,11,11,11,11,11,11,0,0,0,0,0,11,11,11,11,11,11,11,14,
12,11,11,11,11,11,11,11,11,11,11,11,11,11,11,11,11,11,0,0,11,11,11,11,11,11,11,0,0,0,6,6,11,11,11,11,11,11,11,14,
12,11,11,11,11,11,11,11,11,11,11,11,11,11,11,11,11,11,0,0,11,11,11,11,11,11,11,0,0,0,0,0,11,11,11,11,11,11,11,14,
12,11,11,11,11,11,11,11,0,0,0,0,0,0,0,0,0,0,0,0,11,11,11,11,11,11,11,6,6,0,0,0,11,11,11,11,11,11,11,14,
12,11,11,11,11,11,11,11,0,0,0,0,0,0,0,0,0,0,0,0,11,11,11,11,11,11,11,0,0,0,0,0,11,11,11,11,11,11,11,14,
12,11,11,11,11,11,11,11,0,0,0,0,11,0,0,0,0,0,11,11,11,11,11,11,11,11,11,0,0,0,6,6,11,11,11,11,11,11,11,14,
12,11,11,11,11,11,11,11,6,6,6,6,11,11,11,11,11,11,11,11,11,11,11,11,11,11,11,0,0,0,0,0,11,11,11,11,11,11,11,14,
12,11,11,11,11,11,11,11,11,11,11,11,11,11,11,11,11,11,11,11,11,11,11,11,11,11,11,6,6,0,0,0,11,11,11,11,11,11,11,11,
12,11,11,11,11,0,0,0,0,0,0,0,0,0,0,0,0,0,0,0,0,0,0,0,0,0,0,0,0,0,0,0,11,11,11,11,11,11,11,11,
12,11,11,11,11,0,0,0,0,0,0,0,0,0,0,0,0,0,0,0,0,0,0,0,0,0,0,0,0,0,6,6,11,11,11,11,11,11,11,11,
12,11,11,11,11,0,0,0,0,0,0,0,0,0,0,0,0,0,0,0,0,0,0,0,0,0,0,0,0,0,0,0,11,11,11,11,11,11,11,11,
12,11,11,11,11,11,11,11,11,11,11,11,11,11,11,11,11,11,11,11,11,11,11,11,11,11,11,11,11,11,11,11,11,11,11,11,11,11,11,14,
12,11,11,11,11,11,11,11,11,11,11,11,11,11,11,11,11,11,11,11,11,11,11,11,11,11,11,11,11,11,11,11,11,11,11,11,11,11,11,14,
12,11,11,11,11,11,11,11,11,11,11,11,11,11,11,11,11,11,11,11,11,11,11,11,11,11,11,11,11,11,11,11,11,11,11,11,11,11,11,14,
12,11,11,11,11,11,11,11,11,11,11,11,11,11,11,11,11,11,11,11,11,11,11,11,11,11,11,11,11,11,11,11,11,11,11,11,11,11,11,14,
12,11,11,11,11,11,11,11,11,11,11,11,11,11,11,11,11,11,11,11,11,11,11,11,11,11,11,11,11,11,11,11,11,11,11,11,11,11,11,14,
13,10,10,10,10,10,10,10,10,10,10,10,10,10,10,10,10,10,10,10,10,10,10,10,10,10,10,10,10,10,10,10,10,10,10,10,10,10,10,9
</data>
 </layer>
 <objectgroup name="שכבת עצמים 1">
  <object id="8" gid="0" x="1562" y="8697" width="165" height="155"/>
  <object id="9" gid="0" x="2267.21" y="8279.24" width="310" height="310"/>
  <object id="10" gid="0" x="3035.91" y="8573.18" width="310" height="310"/>
  <object id="11" gid="0" x="3817.73" y="8421.67" width="310" height="310"/>
  <object id="12" gid="0" x="4581.36" y="8697.42" width="310" height="310"/>
  <object id="13" gid="0" x="5348.03" y="8376.21" width="310" height="310"/>
  <object id="14" gid="0" x="6111.67" y="8567.12" width="310" height="310"/>
  <object id="15" gid="0" x="2257.21" y="7428.39" width="129" height="179"/>
  <object id="16" gid="0" x="3499.27" y="7415.88" width="256" height="256"/>
  <object id="17" gid="0" x="6244.73" y="4600.73" width="256" height="256"/>
  <object id="19" gid="0" x="2764" y="8292" width="100" height="100"/>
  <object id="20" gid="0" x="3536" y="8296" width="100" height="100"/>
  <object id="21" gid="0" x="4300" y="8290" width="100" height="100"/>
  <object id="22" gid="0" x="5072" y="8292" width="100" height="100"/>
  <object id="23" gid="0" x="5836" y="8296" width="100" height="100"/>
  <object id="24" gid="0" x="7582" y="7734" width="100" height="100"/>
  <object id="25" gid="0" x="7788" y="7932" width="100" height="100"/>
  <object id="26" gid="0" x="7788" y="6916" width="100" height="100"/>
  <object id="27" gid="0" x="7584" y="6704" width="100" height="100"/>
  <object id="28" gid="0" x="7796" y="5882" width="100" height="100"/>
  <object id="29" gid="0" x="7582" y="5676" width="100" height="100"/>
  <object id="30" gid="0" x="7804" y="4864" width="100" height="100"/>
  <object id="31" gid="0" x="7582" y="4650" width="100" height="100"/>
  <object id="38" gid="0" x="4812" y="4864" width="100" height="100"/>
  <object id="39" gid="0" x="4814" y="5118" width="100" height="100"/>
  <object id="40" gid="0" x="4816" y="5374" width="100" height="100"/>
  <object id="41" gid="0" x="4815.33" y="5630" width="100" height="100"/>
  <object id="42" gid="0" x="4814.67" y="5887.33" width="100" height="100"/>
  <object id="43" gid="0" x="4816" y="6144" width="100" height="100"/>
  <object id="44" gid="0" x="4812.67" y="6400" width="100" height="100"/>
  <object id="45" gid="0" x="4814" y="6656" width="100" height="100"/>
  <object id="46" gid="0" x="4814" y="6911.33" width="100" height="100"/>
  <object id="47" gid="0" x="3734.85" y="3937.88" width="100" height="100"/>
  <object id="48" gid="0" x="3998.48" y="3937.88" width="100" height="100"/>
  <object id="50" gid="0" x="3584.92" y="4304" width="64" height="64"/>
  <object id="51" gid="0" x="3584.25" y="4191" width="64" height="64"/>
  <object id="52" gid="0" x="3584.33" y="4051.33" width="64" height="64"/>
  <object id="53" gid="0" x="3584" y="3930" width="64" height="64"/>
  <object id="54" gid="0" x="3584.67" y="3801.33" width="64" height="64"/>
  <object id="55" gid="0" x="3584.33" y="3688.67" width="64" height="64"/>
  <object id="56" gid="0" x="3584" y="3556" width="64" height="64"/>
  <object id="57" gid="0" x="3584.33" y="3429.33" width="64" height="64"/>
  <object id="58" gid="0" x="3584" y="3278" width="64" height="64"/>
  <object id="59" gid="0" x="3583.67" y="3166.33" width="64" height="64"/>
  <object id="60" gid="0" x="4608" y="6434" width="64" height="64"/>
  <object id="61" gid="0" x="4609" y="5915" width="64" height="64"/>
  <object id="62" gid="0" x="4609" y="5410" width="64" height="64"/>
  <object id="63" gid="0" x="4609" y="4896" width="64" height="64"/>
  <object id="64" gid="0" x="5057" y="6687" width="64" height="64"/>
  <object id="65" gid="0" x="5058" y="6177" width="64" height="64"/>
  <object id="67" gid="0" x="5056.67" y="5664.67" width="64" height="64"/>
  <object id="68" gid="0" x="5056" y="5153.33" width="64" height="64"/>
  <object id="69" gid="0" x="5056.5" y="4641" width="64" height="64"/>
  <object id="70" x="1280" y="8702.67">
   <polyline points="0,0 6910.67,0 6912,-256 6396,-256 6397.33,-482.667 6910.67,-481.333 6910.67,-1281.33 6400,-1278.67 6400,-1513.33 6909.33,-1512 6913.33,-2302.67 6401.33,-2302.67 6400,-2537.33 6912,-2533.33 6913.33,-3325.33 6400,-3326.67 6400,-3548 6913.33,-3548 6913.33,-7426.67 2305.33,-7421.33 2304,-4314.67 3329.33,-4312 3332,-2046.67 769.333,-2046.67 766.667,-1250.67 1790.67,-1250.67 1792,-1536 2050.67,-1532 2050.67,-1281.33 3326.67,-1280 3330.67,-1534.67 3838.67,-1534.67 3840,-4350.67 4097.33,-4349.33 4097.33,-4096 5377.33,-4093.33 5374.67,-4353.33 5630.67,-4350.67 5630.67,-4062.67 6142.67,-4064 6145.33,-3838.67 5632,-3837.33 5633.33,-3042.67 6142.67,-3042.67 6145.33,-2816 5629.33,-2814.67 5636,-2020"/>
  </object>
  <object id="71" x="6912" y="6668">
   <polyline points="0,0 0,181.333"/>
  </object>
  <object id="72" x="6910.67" y="6678.67">
   <polyline points="0,0 512,4 514.667,228 0,234.667 2.66667,1037.33 510.667,1037.33 513.333,1256 -5633.33,1258.67 -5629.33,2025.33"/>
  </object>
 </objectgroup>
</map>
